     26
78770 93047 -1805.30
78770 93047 -1850.90
78770 93047 -1850.90
78770 93047 -1934.30
/
     27
77564 94706 -1809.60
77564 94706 -1820.30
77564 94706 -1820.30
77564 94706 -1869.50
/
     686
77350 95000 -1808.40
77350 95000 -1821.00
77350 95000 -1821.00
77350 95000 -1851.10
/
     691
78366 93214 -1810.30
78366 93214 -1853.70
/
     692
78739 93500 -1816.20
78739 93500 -1828.20
78739 93500 -1828.20
78739 93500 -1848.70
/
     693
77262 94698 -1808.70
77262 94698 -1820.80
77262 94698 -1820.80
77262 94698 -1880.50
/
     696
77635 94047 -1816.90
77635 94047 -1827.60
77635 94047 -1827.60
77635 94047 -1879.60
/
     1p
77770 94423 -1816.90
77770 94423 -1827.60
/
     2p
77152 95272 -1816.90
77152 95272 -1827.60
/
     3oc
76598 95518 -1816.90
76598 95518 -1827.60
/
     4p
77422 94386 -1816.90
77422 94386 -1827.60
/
     5oc
77706 95026 -1816.90
77706 95026 -1827.60
/
     6p
77912 94743 -1816.90
77912 94743 -1827.60
/
     9p
79093 92913 -1816.90
79093 92913 -1827.60
/
     10oc
79417 92780 -1816.90
79417 92780 -1827.60
/
     11p
78816 92700 -1816.90
78816 92700 -1827.60
/
