     28
81945 94468 -1798.60
81945 94468 -1814.00
81945 94468 -1814.00
81945 94468 -1824.00
/
     50
82104 93420 -1809.50
82104 93420 -1826.20
82104 93420 -1826.20
82104 93420 -1843.70
/
     680
81715 94063 -1808.50
81715 94063 -1822.60
81715 94063 -1822.60
81715 94063 -1836.30
/
     681
82120 94055 -1800.90
82120 94055 -1815.50
82120 94055 -1815.50
82120 94055 -1844.20
/
     682
82362 94436 -1810.30
82362 94436 -1824.90
82362 94436 -1824.90
82362 94436 -1875.70
/
     684
81661 94800 -1811.20
81661 94800 -1824.20
81661 94800 -1824.20
81661 94800 -1868.10
/
