     112
2033 34737 -1676.20
2033 34737 -1688.80
2023 34737 -1688.80
2023 34737 -1732.40
/
     1
2914 34797 -1697.00
2914 34797 -1700.00
/
     2
2157 35000 -1691.00
2157 35000 -1700.00
/
     3
1823 34391 -1693.00
1823 34391 -1700.00
/
     4
2223 34391 -1675.00
2223 34391 -1699.00
/
     5
2623 34391 -1692.00
2623 34391 -1697.00
/
     6
3023 34391 -1689.00
3023 34391 -1700.00
/
     7
2023 34044 -1683.00
2023 34044 -1696.00
/
     8
2423 34044 -1686.00
2423 34044 -1697.00
/
     9
2823 34044 -1685.00
2823 34044 -1697.00
/
