     27
77564 94706 -1809.60
77564 94706 -1820.30
77564 94706 -1820.30
77564 94706 -1869.50
/
     686
77355 95005 -1808.40
77355 95005 -1821.00
77355 95005 -1821.00
77355 95005 -1851.10
/
     692
78739 93500 -1816.20
78739 93500 -1828.20
78739 93500 -1828.20
78739 93500 -1848.70
/
     693
77262 94698 -1808.70
77262 94698 -1820.80
77262 94698 -1820.80
77262 94698 -1880.50
/
     696
77635 94047 -1816.90
77635 94047 -1827.60
77635 94047 -1827.60
77635 94047 -1879.60
/
