     27
77564 94706 -1809.60
77564 94706 -1820.30
77564 94706 -1820.30
77564 94706 -1869.50
/
     686
77350 95000 -1808.40
77350 95000 -1821.00
77350 95000 -1821.00
77350 95000 -1851.10
/
     693
77262 94698 -1808.70
77262 94698 -1820.80
77262 94698 -1820.80
77262 94698 -1880.50
/
     696
77635 94047 -1816.90
77635 94047 -1827.60
77635 94047 -1827.60
77635 94047 -1879.60
/
     1p
77770 94423 -1816.90
77770 94423 -1827.60
/
     2p
77152 95272 -1816.90
77152 95272 -1827.60
/
     3oc
76598 95518 -1816.90
76598 95518 -1827.60
/
     4p
77422 94386 -1816.90
77422 94386 -1827.60
/
     5oc
77706 95026 -1816.90
77706 95026 -1827.60
/
     6p
77912 94743 -1816.90
77912 94743 -1827.60
/
